0
0
0
0
0
0
0
0
0
0
0
1
2
2
0
0
0
0
0
0
0
0
2
6
16
36
48
0
0
0
0
0
0
24
120
624
3168
14976
63360
224640
604800
967680
0
0
362880
3628800
38465280
418037760
4580997120
49990348800
537701068800
5647690137600
57398674636800
559121323622400
5165880717312000
3628800
39916800
464486400
5552064000
67147315200
812560896000
9750730752000
115111922688000
1326914555904000
14823430852608000
159229746708480000
39916800
479001600
6067353600
79035264000
1044223488000
13852726272000
183045671424000
2392440551424000
30732359454720000
385590923182080000
4695750017925120000
